start=4315.360000
speed=3.000000
