start=3858.240000
speed=2.250000
pause=yes
