start=1979.880000
speed=2.750000
pause=yes
