start=104.433333
speed=1.000000
