start=6.997333
speed=1.000000
pause=yes
