start=192.760000
speed=2.000000
