start=5.034667
speed=1.000000
pause=yes
