start=4416.800000
speed=2.000000
fullscreen=yes
